30221
5539
17124
20681
30993
4479
16078
5066
31761
21432
2238
11628
19727
31315
28271
32020
13355
14850
27295
2067
198
18095
15194
18133
29158
10841
11642
21082
32220
32287
16751
1514
15653
14746
3388
26885
31887
3184
32706
30106
15004
30246
26945
3705
5163
4150
27932
14857
25685
15970
16604
30014
7062
14663
23672
12998
4653
10037
32724
23171
22981
14142
12679
23870
21076
29325
6881
12442
1604
14330
25901
18246
4561
5595
31795
22903
6578
30236
23041
4502
5371
20626
16363
28981
28226
22412
209
584
16384
21163
16544
10386
12347
7156
19739
10077
12130
29476
29660
12142
7801
6979
31125
2360
8309
30332
5788
12112
6890
5164
7335
27937
10723
25913
10708
21985
2833
2725
3308
10180
17449
29283
16104
28527
2183
13929
5556
32687
8727
29190
5172
4459
24949
374
31621
8151
22867
24500
389
21739
26908
5775
20629
6676
23254
29952
13469
8489
6221
32699
6481
31136
15214
20484
15795
1538
32241
21700
16601
26012
19515
10716
27633
9848
32642
31161
23938
21387
818
7464
31221
13104
27023
28012
17747
18901
13212
31887
2640
29940
20540
10229
29321
12870
5784
14647
29706
26419
16320
2350
14355
15500
9109
22861
24348
25212
15590
22324
17942
20668
14553
32387
12532
22279
5517
19692
32362
4558
5117
31885
18676
5932
296
14460
6427
28700
6767
32675
3316
12778
4414
10702
6377
19431
29166
17154
17851
23905
29162
12561
4040
10194
26897
22379
19338
29016
31324
11575
13153
27493
12225
31138
658
29112
3415
10871
16783
13708
24506
30961
10105
10511
18865
20685
13539
16149
21774
11682
27609
21262
2774
25205
18720
19765
22178
32648
25280
22283
14661
19060
20416
13316
3759
31863
15665
4736
27410
15119
21614
26876
21315
32456
22177
13194
21602
23634
4489
9598
16061
25558
4475
9067
2034
2698
13479
6478
6228
21124
925
264
1936
9420
29456
11538
3217
4532
29401
11116
9376
27500
28222
21718
13776
28369
8565
23619
12441
28294
26724
29323
29891
13382
27307
21088
32133
3192
18660
18563
6383
12292
12073
3127
11909
102
28887
31735
22829
18945
4498
4708
22603
181
24458
10113
7210
10931
764
21026
29086
28048
9979
32162
4327
29081
8048
2005
5081
3943
12384
31549
5946
31667
23149
14721
2924
25963
20640
10778
30795
14852
31589
16720
14425
1043
11479
29541
28441
6167
27198
26640
16056
921
28374
557
242
29304
19411
4018
1844
32382
18849
13797
9726
7478
28272
28108
3980
8194
19952
9445
16821
31336
1625
22040
2835
17069
3759
12010
27492
8357
14916
5363
21296
7881
5502
8082
1709
4490
32730
23007
10207
2277
10033
24801
11267
56
18491
12802
16430
16468
22609
15807
24882
10195
31863
4772
10945
19884
29081
13432
8661
12804
18965
29621
32334
28999
9338
22843
14301
11640
16271
31300
23074
8645
3992
18587
25617
5215
14548
13065
13978
6792
4938
10768
22153
25326
7110
23772
1451
31287
30238
17015
30514
15837
25785
17212
9050
28988
22866
5774
32333
10473
762
10442
5700
70
32092
7545
23792
19795
1349
16843
8216
18119
22116
833
30083
20576
5710
16041
7704
24951
28868
31567
9284
14807
18745
26226
14748
22735
9615
8949
6084
27270
13858
16727
26767
8079
7943
29669
31079
8893
26262
21294
15856
8505
11557
18104
26088
6353
4631
26097
2642
24723
27158
25960
13779
8091
10908
25661
19548
9769
11960
11735
5641
23799
14607
17364
29001
16073
22305
17478
28736
4165
2509
28
25961
18949
22295
21982
9088
26859
10538
9374
29855
6324
7833
27435
3239
27856
12266
26503
31457
7025
20053
19099
24293
28387
24521
21546
25787
24859
15408
27396
19521
5522
4084
1404
32716
9556
18370
30235
32274
29011
27022
28822
6984
28418
32471
23294
23943
8991
29740
16183
30836
16080
4591
28843
11296
4850
29273
14911
2861
19886
6334
10375
27699
13901
3602
17461
2657
23373
9901
20696
6504
26292
21835
25539
20628
3236
12119
26442
12604
18480
1641
24117
3165
23150
15117
31598
2946
16333
11462
25085
16615
4009
27474
8502
733
31261
3376
16689
5744
22553
20320
29563
27976
436
25194
15371
31437
24259
2209
9848
25743
26026
27049
23401
4580
31858
16183
10828
24275
28700
16152
23371
30256
30261
26229
23931
5897
27819
2645
9559
18753
19423
20835
20334
17787
32507
31474
23384
5177
5766
5950
4846
10309
2358
5364
29115
30801
30469
18421
8365
23514
8838
19799
23056
12114
5242
28845
18877
893
7583
30345
15759
23580
10952
28735
14871
16841
7986
31979
18321
11042
10518
7093
2838
297
17531
29523
19
17131
24654
13008
26105
3168
22964
28556
13878
1171
16799
9349
13925
30466
8352
14036
31425
7240
11516
9083
27872
22009
9985
14941
10910
25038
20378
2702
20823
18434
11554
25549
2393
2299
4726
4431
26008
20013
7246
12735
27556
8764
6349
20610
22489
29792
3414
9279
29141
27406
20130
5791
1328
18901
24335
31057
21095
28294
1851
3154
3096
10647
23762
14699
13429
30153
11172
10491
28403
21257
29947
5110
6722
18580
31019
30510
18050
21087
32618
3025
23476
15798
20450
10547
1134
14627
5125
29646
12499
7057
4385
32136
17859
9905
28980
15156
19535
18589
3585
29530
13680
8380
29283
2619
1528
19429
1506
20240
32456
15303
5764
11923
5444
7560
13541
28352
20484
5036
5770
22493
23500
18233
29299
28344
27839
5144
3055
9264
16335
21695
24501
7670
20600
4365
10031
31893
5806
5237
9753
17072
24852
12127
30283
16779
8046
10187
17875
11982
12633
7480
15175
18309
3386
25540
29786
9322
21364
6804
21164
9063
8670
374
2791
2647
15220
20933
10759
18189
22604
7822
1273
28823
12748
32752
18024
28099
7963
3529
3796
25827
21973
28047
23268
22734
8963
30587
9213
5927
12362
14061
28435
23522
10594
18956
15807
19971
21962
25772
5522
14761
31418
31350
4522
11084
6490
21570
12930
20547
23857
5320
24590
16521
20192
28792
21000
5568
7952
7334
21125
29558
7593
14826
3787
25768
12612
15815
27238
12932
25316
8074
2169
6259
20960
19573
32595
31063
9252
10013
27202
31249
18074
5649
19884
9543
4578
26044
347
31844
10057
397
5401
6624
6649
18517
25469
18625
14445
32752
18180
13666
2600
11303
9571
7027
21927
19669
17692
5441
17044
18249
8528
28727
27708
32492
12244
10917
30787
24867
19847
32449
1430
26743
17634
7916
1954
23284
8912
1846
25028
18382
19904
2083
22272
2123
4857
28336
8693
18396
7726
28049
18704
22413
3923
11197
769
20640
8879
7212
16235
19061
7985
735
10208
10158
32519
19234
11532
16016
1645
4878
29744
24747
15555
4177
14547
1469
31715
12850
30388
7636
2481
9423
28674
20147
28660
6569
25551
8311
1636
31075
2243
23930
25347
25287
8205
10616
9393
6922
13471
5104
19451
21329
23195
10701
5685
26483
776
19014
3784
31233
14282
17155
19148
4484
21457
30593
730
6917
2960
6071
32539
30163
22961
10746
2469
27776
9223
27678
23304
16173
11460
20446
13603
8967
9196
5757
8253
23314
27913
20398
32337
20006
27937
16306
26792
15927
29925
28864
2989
1241
6955
29609
29950
30978
7070
5052
1983
25106
3508
487
2867
7186
2017
15136
1933
20793
779
11779
25859
27829
4669
25533
293
10920
17055
12328
11885
26992
14246
11575
21015
8235
22408
1429
5170
7802
7155
21129
22008
31110
23294
4381
25179
19009
7264
29311
3296
8431
20191
2983
12976
20964
29196
10298
20973
32655
2094
17583
11074
1463
25724
29616
8638
10757
10639
12995
19682
13763
3094
29225
28920
23779
11724
21510
20903
5699
9383
26307
4805
18735
594
24241
7020
29736
28638
4847
12112
12515
12725
16781
12879
14741
10191
24305
19018
21358
7720
29818
21300
16995
369
21092
22888
10801
19461
6380
3648
159
16160
23732
27363
29955
15435
27240
30046
28935
21275
28066
23543
5805
22299
32523
23229
24465
4615
24004
8036
16751
26171
22532
8016
31716
30058
9986
5104
29561
8083
16917
4429
15837
28209
27929
27363
17266
16307
1558
23215
6667
18219
22044
7817
31989
13386
26993
32692
1588
6028
13039
30900
3342
22192
32423
27999
19918
17771
30666
10551
16066
13917
17866
6135
13958
6212
1212
27756
18308
29552
7425
10630
29884
23415
15909
16815
9153
10537
263
16475
28676
4294
30010
12769
17237
26735
7596
15753
22439
13019
8325
9702
1556
16971
11858
9062
1825
1984
25699
19751
2114
25195
11889
1036
15009
869
27525
5137
16155
14752
23060
32731
5003
14878
3951
10900
25932
14432
32347
21493
27897
25378
20731
6820
14199
6469
6647
30913
54
27405
8407
28347
179
15244
19888
20585
22850
5726
30723
26710
30474
3479
7394
25948
6993
13306
16468
18036
26618
1900
32251
14540
5451
24488
3316
7194
13556
13619
15103
8497
9805
21651
8928
14033
8160
20924
8709
14532
29223
20427
20840
5414
26519
28918
1463
23557
26077
707
6835
27946
13415
14969
3542
14389
3110
5588
11320
17136
21650
13309
22451
27101
12783
15033
10053
3857
18639
7137
26295
11077
23257
20242
14716
29995
8392
21413
25820
4862
1463
3810
1362
2653
10139
23152
13106
25177
16657
22288
23182
11213
24666
22412
19035
25582
4003
30697
16080
25890
21130
13540
27407
23062
7391
6045
17927
26378
9895
18829
7833
32112
16743
9405
15097
3510
4767
5178
1880
2912
22420
22724
6080
30553
5714
1478
319
25739
24562
19083
20039
10925
2073
23470
4693
15196
30145
4306
24785
19822
28988
2708
11061
21123
4981
29886
19058
27356
14970
14525
14224
19313
10039
13398
14228
19005
10372
18580
32422
1245
30563
21765
3699
21849
10370
29478
21457
2370
22280
1563
18337
3837
27790
29347
5882
3422
10858
4940
5764
6521
22580
15587
1313
32436
15235
26415
25043
19745
15608
19935
22746
8715
24190
7616
3100
24271
26319
563
15050
16877
26171
9951
3137
5727
30885
419
558
27946
26830
30926
22006
5426
6358
14739
17749
17746
21503
21175
4677
11436
28085
26509
14881
23870
20939
3876
10250
17591
27144
13247
26250
10120
31970
1669
5239
21053
27017
23418
8474
29966
25895
430
5009
23985
7526
27573
24946
883
25652
15446
6321
6535
18627
2951
24772
7070
16851
30618
5892
2232
19763
22193
2647
16441
10373
7287
6668
13631
1859
18450
15366
27699
27135
28243
11805
30366
31471
13360
22209
24894
5032
19829
6368
18522
20522
21430
7946
1618
21277
2440
25044
12410
8026
24049
28026
22056
10925
17436
10952
13836
3545
13137
12090
24000
30173
25381
22626
26528
14966
6126
13962
19164
15845
4986
2715
29132
31218
32257
23357
2691
24113
23383
25920
17830
25476
24678
27451
30591
30945
15580
10354
20301
11606
11553
27389
6366
15178
26764
6439
15456
22789
16342
9749
28789
29299
32719
14760
21125
12324
27727
4003
22872
28568
26480
21009
21988
4282
6394
29409
30307
15530
10783
18644
32681
2495
26985
29593
12469
8397
27376
19254
1158
18339
30928
24233
17968
29912
26586
17871
11054
20680
9354
19078
26618
18393
3129
11534
29403
4611
26260
1974
26878
21391
4941
5556
18889
15134
16401
24916
31852
16622
15033
7509
21433
27481
13252
11663
1077
15518
1285
8922
16495
11748
20633
11820
28560
23420
3100
20225
12852
18023
19484
16640
10616
20248
25550
27867
13396
19834
11520
24695
5932
27189
3151
4685
16801
7470
1434
29712
9901
30028
29879
6287
23279
3458
15972
28894
27971
21258
3456
25776
11670
238
28795
18952
22009
29901
27403
17
18931
16604
20512
12617
24604
7979
30747
229
27111
10794
10042
10098
28096
32363
14423
17080
18263
10665
24531
23779
8763
2826
6861
28389
682
2209
7831
25110
20648
15927
23658
21789
6478
2379
27992
10260
31333
5719
31363
5095
27699
21333
30093
20733
23957
27522
13647
4379
22094
12386
19150
20613
5023
5124
8810
16998
21272
6279
17753
23665
16301
22749
20308
17865
13580
3791
27792
11550
19758
14913
29680
18969
27692
19896
29049
3579
15957
1049
13574
18305
23677
17332
14653
15882
2711
12928
30401
2043
17543
24488
30633
8291
3377
9799
16178
32731
13270
11632
22960
15537
928
10610
10443
30277
4475
16986
16359
4018
7207
17337
25828
32177
12939
31143
2312
11195
5197
24327
20025
15470
159
269
27760
10546
26460
15358
2922
1308
12371
13623
25761
26387
3299
13937
16762
16177
1992
20035
10688
7019
18228
23016
22097
8053
13601
23619
15383
13280
486
17952
17210
12422
13577
5053
32404
1575
16469
25481
30566
11092
18732
27179
24905
20620
7198
26566
19047
8102
32442
636
7146
2670
21411
10801
32437
27795
17639
27025
30802
1217
26765
18516
21548
2314
4973
8896
11519
23178
20037
6768
10892
7243
8456
1109
18321
12646
10361
30714
13304
26219
10745
25612
10063
18947
6557
19481
14200
30932
18052
5016
1954
24741
8552
31274
25464
16067
20850
11551
6807
23971
2899
4668
12358
21960
24208
12219
13153
21991
27933
21908
21143
13898
16686
27643
214
23410
13642
2858
15874
11264
8865
16480
22509
7638
18847
9258
14212
7801
10433
9697
3654
23225
13736
12404
30715
10645
11372
3175
25762
7769
26930
8988
24235
1545
1
1874
358
21506
1745
26347
13244
16863
17893
18930
31517
9882
16987
17116
31417
18675
22274
29710
29427
12566
20331
3744
21778
15736
14659
11873
16186
32514
24543
14107
29852
8305
9753
5912
9705
23805
12891
4836
7692
19000
8441
32341
10008
31034
12484
1737
15231
13051
7644
29359
22406
21504
7877
31305
32501
2874
14269
7599
19219
43
22605
7192
5329
9290
30495
28757
3910
13225
8207
30366
26203
10453
10372
8081
13768
10237
32257
21624
27711
9559
17143
28875
28390
19136
11742
29942
4363
24739
24195
22107
13332
15899
7588
4251
9140
1116
15034
23569
613
10575
31766
11680
23058
5500
21807
25519
9491
22829
22331
17521
25439
15568
4092
12650
4093
12446
19165
13359
2748
24442
26685
18541
18980
26908
16139
1836
27052
1902
15507
5973
26670
9014
13975
1906
10903
7158
9122
29878
5859
18192
11673
9021
23369
27182
21139
27540
13746
13537
2026
8572
20336
32137
5011
22507
301
17780
4010
9812
4897
18506
19537
21288
19849
6824
955
1949
27988
7179
5252
28846
20767
16368
13892
29027
29283
29241
23651
19026
32493
6867
15151
23142
9871
1174
9003
23775
28950
11116
9898
18586
12411
13750
15773
13459
25438
7403
23466
26024
7087
18818
11390
27040
15791
9747
27235
25451
11031
28089
789
27819
11926
14778
32465
12404
15233
4714
23984
9040
21959
1868
24371
31879
13859
4731
26655
21661
32405
19272
31371
3355
4882
11301
29751
26003
27259
28610
1823
25054
27596
18805
8272
26024
11158
31967
12539
10543
7599
6349
3528
27463
3879
22876
22636
1186
31871
30049
10110
16462
6166
23303
24710
7551
5348
8122
30808
24207
2410
10052
3488
2371
32489
17974
4541
15440
211
25482
29651
32285
16511
23942
539
26827
8480
13796
30078
22387
16376
18735
23395
30894
19657
5488
20933
27227
18061
21514
18824
17052
28774
27363
17165
10786
4824
30916
14596
27563
23862
259
11649
7368
31578
31327
3410
17380
13209
17707
23953
8066
8439
19631
26485
29382
23958
22475
22125
31543
12661
19677
31856
29635
6487
27877
12430
18692
14848
18919
31692
25281
5031
31889
2094
9912
2473
23838
1557
6298
4731
17274
31691
15192
9186
4775
13149
6045
12134
4959
15017
2971
17156
25083
10679
18443
8739
29587
9037
7791
27337
30311
17341
1179
6927
4477
29186
29043
2770
18316
18187
30454
11692
281
32599
15740
12578
480
10946
17467
19231
19829
3743
2832
19618
16171
28166
2429
19635
22837
11375
5870
32667
3851
32384
10304
3668
3856
7460
1667
575
20337
11997
25343
6421
25168
23387
27766
5408
21794
15693
18857
23979
8021
9847
7453
951
25654
27141
30239
32495
3091
8479
21254
14046
30876
7613
6328
11360
22671
32701
9072
22358
24213
8243
21694
3230
24423
18176
17103
67
6964
24230
27886
14320
13895
6746
6475
427
9445
16987
16379
17087
3700
6787
10049
13050
27619
5915
5388
22553
25925
21492
14784
21889
12991
435
14393
25648
1189
15725
28430
1778
14048
1652
26386
20184
21395
18032
2849
17382
10494
8113
3353
17932
30370
30147
7206
31320
30117
25667
20547
6249
16505
6130
28413
11303
23993
15880
28026
8113
29267
32203
21435
8599
24300
12383
25886
15178
19584
19168
12839
11216
27721
11950
30591
23228
28387
21512
28221
30558
30381
733
29029
6199
2418
3550
7342
28335
17737
17368
18569
25355
23737
2881
1886
11417
7713
23569
2073
14893
2647
3027
485
32465
16016
8187
3383
30393
13696
6778
3599
30837
9154
29840
4987
9834
29561
15329
20572
5251
9016
1484
4460
30244
3103
11512
21632
26720
21319
3375
25867
11371
2657
12656
8676
26194
17305
10303
20553
13289
7361
29248
8227
12293
1451
16132
17803
13804
17878
27683
19342
30986
1357
31371
1069
17638
23757
28183
14760
31060
12582
19300
1277
5867
24035
10208
28075
28601
29485
35
14011
20534
2797
18563
32001
13431
31025
27618
2720
23972
23505
11467
972
23468
19794
7358
20692
24375
16138
7623
26975
26589
16005
8789
25845
8853
10792
8010
29890
3184
6420
25679
10903
11655
31310
20074
12594
49
12060
2258
22975
22650
9394
20482
8863
24529
12557
27404
7015
30977
14112
20272
18988
8291
22062
8621
30206
7249
10359
3031
31410
4573
21782
5482
2533
20931
31018
31006
32061
29085
11316
10107
7666
1366
9152
27631
1421
3297
14920
26654
31728
27179
23893
22905
30359
29518
9959
23826
7453
29959
9751
9646
30466
14698
6907
22556
9899
26324
10698
454
21930
19234
18752
23942
13888
26400
28740
23227
15904
20036
18121
6811
32374
11933
24050
22475
15656
5382
13177
27693
13148
16799
1105
26873
5434
8318
12938
29967
18163
15009
17014
25995
25346
13095
13066
17562
30130
9408
13702
14989
4576
29539
2137
3372
8962
26175
31038
10573
8296
7667
21164
27301
1474
15105
14445
5597
13539
18560
14220
14568
9412
16146
3445
26005
460
13334
27224
31328
9038
2335
13006
28046
31316
12196
1215
20089
23963
21753
899
28968
22238
2685
12103
30754
21847
15894
19379
12420
27012
5850
6602
29778
28199
2575
26897
1803
17040
15446
17395
8320
31262
803
15204
6629
9476
6768
5573
28969
5705
25267
25863
5763
19219
15117
18452
14414
22308
19396
23402
278
31397
21747
7433
31731
17698
21888
18320
4885
27095
7759
26787
23713
10538
9653
13967
10684
29560
12080
26929
3044
10516
6997
6676
17543
7053
29705
28633
21198
13360
2292
6364
5050
25550
12339
22804
10355
16320
32589
12091
5853
28711
4201
21807
22635
21368
10174
8089
19256
31545
19786
204
14676
26117
11975
13040
27227
6870
24027
19807
29517
2436
16015
18767
14489
21640
14850
14770
22139
26630
2399
14938
25480
523
11532
23137
16776
4115
25636
1480
28803
1486
14376
12894
6175
4387
28913
21475
15145
20342
1257
23406
18801
26662
22907
17932
987
12378
26568
32426
26291
15358
6556
5941
3649
8
29344
7423
18845
27136
22993
3173
20421
4287
5936
10159
19181
25207
22971
13623
11798
29683
22941
26830
2274
21792
27298
31835
19879
3789
4845
15301
15810
11695
31213
2067
28718
32424
17293
5586
9813
24648
11179
27319
25381
19861
30156
24198
30823
1543
1294
9010
32332
30423
12382
6214
26953
18810
9962
28035
12837
15208
30937
22731
17489
8993
6202
25406
9847
18034
26171
4514
4437
26100
8348
27656
26828
8663
17251
10412
19252
7133
13008
32286
10995
31401
16787
24735
9806
12858
26429
11982
4479
13747
15093
4484
26375
30301
1644
4860
4677
21486
1299
12599
18504
25100
9099
28574
25314
9997
21340
11242
29181
14337
18155
14913
30514
22002
10662
3233
32664
28778
10370
27010
4058
12598
24231
30135
5773
30058
31337
5526
22720
22437
11899
26968
3284
12182
17247
26819
6030
10943
23841
25094
8042
25209
18757
24548
27186
4921
26878
15124
14544
22801
2977
23272
5473
5498
19800
26926
18314
25168
19995
32084
25359
13854
21724
719
9377
7580
13058
24252
4344
11894
31769
6344
2594
5967
26056
2894
20251
28934
25603
24256
6557
13624
21889
21576
20025
32262
21617
9135
29351
29464
32617
28797
24155
2017
20127
6754
22872
28453
18779
27860
7497
26553
12204
29178
27854
18059
27739
27849
13588
25058
25373
15981
28072
16870
28428
15082
10893
14946
9560
12547
5260
20937
12346
10587
15307
6519
22058
8410
30881
23354
338
16978
20137
16401
23362
25442
1557
21555
20709
18587
28485
3155
4788
29922
1177
12323
25897
2069
24195
19991
21879
28914
11744
7275
9848
30260
12424
27495
2535
23294
21539
3298
31183
8829
31551
21765
17987
14026
6304
6225
11088
30477
5335
19171
816
28904
12823
9463
26816
18707
25155
28844
24117
5955
17227
25863
19466
14673
13753
12857
27708
24984
16775
8997
30138
25759
15668
30749
7191
2552
27415
24300
14211
25703
242
11290
10489
30023
19914
14699
20154
7978
29174
3497
7417
11200
23927
12707
11992
26874
2183
22134
25491
8558
6772
12555
23547
29694
29359
12001
27687
20148
18464
26637
21862
4337
21181
29311
23671
6343
13147
31366
4093
16291
3524
17559
21293
2607
2313
31818
202
3958
10778
29861
14931
23370
15507
15773
14203
20450
15833
13018
10713
19144
32358
26555
2273
4339
28001
5274
23059
17967
17010
26961
18802
29638
31188
26876
9784
25177
22188
13057
6088
19215
24473
23886
7908
9202
2444
17378
14112
2965
1242
29071
11414
6138
24719
1534
31196
3252
30726
15603
16947
15433
24246
31442
15361
6362
15951
611
8066
14342
23302
14290
28090
19979
12844
5370
9134
25646
26374
13026
11731
20062
29145
3208
12231
9236
17732
24286
29759
16509
24018
18963
6465
3547
28624
6163
19603
8233
10076
19537
11379
25341
11967
24772
8328
24243
28413
21551
16153
22728
16042
28070
4733
21380
29438
22862
21202
12508
1836
612
26610
31894
19952
20097
18339
8622
24935
7708
1038
3833
17700
13904
7795
3848
28288
30687
29210
22351
10033
1912
19341
4742
32287
19253
4
27216
14963
24936
6433
21531
1264
29847
26845
9543
15238
4293
6595
12938
8996
24051
3932
32403
27599
25575
10986
15341
15089
15148
18520
9767
12275
20314
1906
30258
5901
5784
13650
30218
15965
25182
27162
30616
8503
11648
12009
13016
23997
2920
16391
20279
10415
7330
16227
7231
13188
11423
27456
15733
14521
23730
11563
19842
8809
95
5424
15506
32542
3797
5453
28154
14567
19897
4391
22813
17066
6437
5628
12688
12220
27889
20185
23164
27055
4913
2317
10564
30827
7166
23773
15208
4224
634
20089
25514
23483
8974
31535
29295
12280
26358
9951
23911
10294
18688
15791
2672
21489
6032
7679
16824
28844
6120
16032
2850
25037
28326
1344
31468
23213
29070
24873
12686
28400
18058
32300
4837
32018
29679
9175
30864
10051
17922
5359
25499
20085
11707
794
29018
17331
31945
27355
6040
9140
8917
27587
27634
4272
20491
28902
31357
15986
8407
15757
28591
1199
14060
12842
6524
27542
25483
23953
959
26280
18178
11876
13276
12746
2419
22735
18339
1176
4310
17526
31608
4093
22593
5804
23473
31232
19559
11494
9536
19425
20832
7023
6546
1637
21928
1117
18871
20590
5737
23235
7362
29646
30973
26152
5491
7261
7598
6712
6931
3402
4033
5818
18848
16558
14004
25538
3370
9575
27843
15912
3197
28451
24241
2104
9984
11451
6340
12971
2525
6339
25874
12759
8290
22623
24315
21282
25512
7255
24567
1724
19826
22638
10642
29070
29271
1264
28852
23405
1828
7819
11814
19860
21884
22623
22610
30033
25537
13400
27210
7934
21560
30140
23564
23859
16231
8704
28677
12346
3522
992
31187
16835
5255
25775
591
2265
31207
28651
27851
27157
9318
29972
408
10258
14724
31678
460
14368
28573
24038
10305
20285
14094
23682
15329
15169
32409
25179
5921
23640
5899
26911
18636
21173
31259
13490
12802
13445
30870
22726
17792
24610
5049
15531
19490
16010
1502
4456
21157
2575
15964
28170
9394
27984
21672
1596
31000
3687
14016
12056
13146
23140
5833
9789
24169
9467
23542
20258
17586
28793
6829
23210
18779
29180
22501
3320
26314
9700
7123
5508
30312
2181
6085
11630
9636
18206
25422
28691
15418
32015
5283
8671
6069
20806
14405
22882
50
2043
27616
16037
14952
23709
8307
21694
31461
14348
18354
418
7834
5896
28841
18491
19610
13546
6049
26810
25887
20113
11591
23343
25038
4512
6411
22614
2876
3047
15047
25780
10160
12062
12193
4579
1835
15577
24114
27179
4261
11960
3560
14930
13466
28382
3496
11700
26821
29861
11704
28822
4396
6544
4317
19639
31324
14978
6336
29736
18678
31021
29078
28254
618
12748
256
23430
4867
30997
15408
536
29988
13929
10574
23215
24017
11855
4122
3608
4720
4384
7634
6568
19409
25092
86
3539
19053
18972
15498
6907
32747
11265
17404
24710
29161
2926
3527
12851
14840
7481
14007
18350
18152
5000
27821
2658
17223
31297
10565
30094
17700
14274
32695
15515
11032
1491
507
11181
19080
30424
305
30328
21284
23372
11583
26965
2995
7018
22460
12436
19475
22829
24077
10772
22651
28283
32461
29970
516
7069
7795
13375
12392
31219
16174
13845
14601
1766
12308
30570
10037
23325
14204
13382
22952
25076
15528
31474
6482
9514
13480
30033
3419
217
22138
23667
12389
21420
23158
19048
11025
32588
18666
24146
14276
19739
7169
26302
29611
2853
14569
1589
16636
30036
1076
1549
7807
16099
5503
19333
6222
20500
20050
8978
13785
3110
22600
22003
2348
13185
20080
15883
17269
13877
5618
19440
29376
2722
10742
13120
19718
23672
24257
12596
11366
10211
24609
8567
8370
5375
28428
21816
14893
10130
8836
24702
29075
5882
12221
20923
20826
25188
32130
1957
17464
30015
1749
6465
11493
28657
20694
1088
11042
26824
30694
5519
12794
14643
6155
16426
21320
11058
5270
22065
25721
6923
772
22589
24723
24895
15651
20212
11126
6332
24182
25307
6755
5460
12505
9836
26042
7790
19560
18025
26632
16891
28318
5231
20032
21420
19642
8142
7497
27746
25959
20632
12473
32231
5531
14584
5857
20187
29888
4293
28169
29425
15378
3927
9980
4955
15688
6042
20680
7042
11382
27232
20927
7675
16690
21244
12737
1462
29430
524
22974
26489
21701
2710
27766
1933
21521
13655
7299
26552
24285
7767
9114
29035
13599
20673
16142
4155
26984
21746
21909
20629
21702
25808
10831
22190
490
14941
16644
16826
21382
11404
22446
20318
27129
3667
6455
21351
3118
1025
28035
22460
6081
17106
2737
30865
15460
28352
11166
20702
1666
2717
4011
2832
32034
11871
10177
27134
22285
30651
5266
24094
2867
26869
23073
31481
16459
10742
27780
24796
24506
24479
31208
28369
20406
3421
5591
20685
6315
13565
10678
15915
31197
10434
20114
31833
12624
17333
29724
31186
31461
31805
30961
5452
2757
1263
6175
25906
1794
28583
20453
4948
17532
1752
9659
8414
19202
20768
27538
9862
25786
29472
27229
25866
15555
25482
5584
14810
20760
9595
11624
19473
15288
32012
28331
1450
5892
21028
15537
11505
360
13712
24803
12855
1085
15445
18691
1482
25070
9540
26221
2597
3930
31952
4764
30307
23674
13085
7407
15610
4164
22617
26029
19109
31695
29519
10824
12706
18615
9785
26334
5406
1731
5590
28933
26862
15557
18109
12232
22911
194
25841
5357
28688
23379
10677
15226
18206
31307
21410
20343
25376
30362
25846
8948
885
12658
7215
5198
32667
3240
23257
10671
1185
604
28324
1492
18143
24540
28857
6675
31716
10182
12110
14748
12464
24429
21880
29183
20516
19326
17729
19694
28086
24548
22523
24388
10345
26344
30932
18759
14845
9117
19882
3114
1634
29563
25120
22743
16243
13130
2289
15339
28897
27458
26500
19201
2157
1648
24513
14131
11867
6491
19492
26846
547
31720
16911
2214
3945
14971
20069
6586
3887
8799
24660
2393
18762
28008
22130
22422
10770
20694
25100
15704
24670
29565
13498
29604
6064
3875
11319
31
8876
16682
28784
10958
10703
20079
14299
289
12893
24177
9738
2608
4507
29110
30848
4164
8255
5994
30147
9113
16933
9802
21171
14946
5699
31936
537
4622
25311
3151
8835
13770
4607
13362
32336
20039
21026
12096
20999
7869
12077
6419
19693
21296
14248
20073
32726
1010
554
11466
11835
4713
10002
30060
13709
17170
632
22355
32457
14534
21092
25788
11853
13628
1341
30652
1514
17104
19588
18981
11578
11138
18370
17577
21555
24898
23486
18754
25597
15211
2548
31953
12801
11661
23619
21509
26947
23407
14566
26494
7665
11860
12965
21298
16188
20350
10572
9488
23398
11249
20061
7908
27164
25977
25090
20347
4359
21742
15429
18183
5790
439
30339
27332
30526
12941
18718
11228
20604
31617
29043
9609
5818
27969
13324
26233
18680
18839
20246
26998
5869
24882
28949
326
11606
32425
2006
15312
7311
701
31653
129
3424
5599
10945
28142
14361
4850
14605
15035
20961
3921
2056
7611
25675
9236
27391
344
17194
23695
27522
1590
5287
28188
12820
6419
8080
7451
26406
8178
21491
29494
8263
632
16876
10986
11669
4502
29371
29762
23415
4712
22553
30438
31886
28765
17869
13653
20456
23193
10618
13679
6007
20631
29883
4662
29378
25107
28017
23253
20955
9767
22620
25314
5265
11700
12777
26592
10726
29955
26955
12296
17348
6316
20941
1609
29419
20919
15975
14221
16174
32002
31631
30014
4063
12770
6993
16648
30856
11277
18338
17889
15835
3256
3826
16967
9964
14076
24320
26569
28318
19326
8690
21449
26971
1871
12709
1408
13065
2577
5442
30019
31033
18268
15634
12548
13729
10080
12435
8731
27852
6859
25291
24647
17680
9709
8412
13807
2497
10009
20185
14766
28324
23631
26328
8463
10150
27673
28232
12437
10446
30131
21893
27903
8817
27758
30122
29129
3493
16982
8359
4342
23799
9747
30611
8205
9569
22541
31555
5730
21366
23252
2843
24726
16608
702
17956
3425
15884
10450
607
14223
25636
1252
20057
20809
17214
29442
12544
13462
16595
10255
7093
7458
14962
6574
17058
28477
16565
7522
20302
28710
32373
755
8558
21386
8250
11795
4607
16968
20469
29505
27793
15991
6386
15342
4838
2218
18440
13790
32443
27250
7187
4562
5606
2597
23204
5476
1185
11230
7414
1074
4646
965
26916
9278
9084
32145
27546
24981
24720
7499
25801
21807
12167
23892
7968
13079
31315
11689
311
25547
29316
30822
4173
19686
18273
20361
30452
3324
568
10233
25611
11974
31986
17863
21997
6015
9962
15795
9704
13453
3072
12274
26609
11364
20969
8238
29333
5800
8137
3791
9011
32657
9219
14201
12905
14996
11343
6357
11468
18496
1038
10645
25564
21350
3291
24242
27447
2428
17763
26360
30220
21059
12918
16325
10451
10920
24158
1806
13115
9960
25199
11938
18020
24568
11999
29875
15183
20516
1240
17810
32147
25334
22220
27322
3665
15449
777
11024
13161
31486
7309
16489
9966
31231
13851
17997
23256
21955
25486
1531
9465
14369
25966
17324
26419
12232
12993
28956
2023
5854
21795
26951
20144
19687
19225
6512
31058
18409
25763
15208
7405
16589
19984
1293
10103
32521
15638
28945
5480
1916
29730
1277
12215
12953
4077
14453
26118
28104
21328
25021
6426
11273
25945
19324
27021
18907
13726
22464
24263
26716
31441
21571
31274
945
32661
25581
2701
18600
12688
8601
21484
28060
9922
24604
24413
4762
3349
11139
1862
27841
14389
28573
5070
16623
16801
26554
31633
29082
28419
15281
7320
9211
21181
28200
392
16498
23236
15
1817
21030
16817
28014
30154
2540
5653
26465
25556
26730
19469
28512
29532
21372
3351
14276
16620
6870
14884
28039
5668
12267
21487
20300
13485
5390
15756
13727
19823
18391
3396
28797
30724
10953
24480
7703
15980
12849
24772
24275
4354
22609
32766
2708
13998
7358
415
19259
3421
4871
25354
16494
11950
17559
17674
4248
19694
27101
20585
2864
23623
16042
18622
16447
23604
30170
16774
12572
21816
4150
10614
32378
24272
6809
8208
14245
16806
5970
18805
12041
2567
5834
5242
30708
7831
17255
9981
29085
12100
25775
25722
868
4216
7601
17113
28251
22163
27296
24970
22534
17816
8642
5844
29279
26918
31624
26474
25885
26795
26111
7232
23606
27604
10087
27292
24483
9032
5152
25200
22627
18837
23502
5863
26306
12394
12725
13630
28123
11784
21605
32213
30812
32499
14492
21382
23177
28653
23400
21813
13700
25636
32652
13736
16331
2987
23077
17817
30466
24103
29325
25610
7923
11723
14720
18649
12755
26246
7037
23956
9670
19834
4719
6286
11174
21681
31373
3635
19200
22283
11903
11416
32608
20603
11970
21847
15055
26227
22605
18841
29081
21661
28277
7284
4948
4556
31758
8056
5405
16690
20435
32132
28965
17363
6152
30686
16237
32313
24925
31107
19405
9834
32022
29884
19771
11799
4713
16114
8778
7446
24359
24259
14065
28691
27551
86
30606
20354
13760
1003
29994
13015
6013
23222
7935
17402
27766
9709
13623
5877
15060
19488
22775
2544
25460
30921
23964
24928
7497
14884
16197
29819
16379
12608
25233
32239
8660
2134
426
25811
3293
9051
27266
4574
3908
16081
29276
9431
11009
28898
17039
7756
10425
16559
25222
20871
4579
18406
8972
12990
5673
4754
20166
21898
24593
12600
17409
12186
7388
12575
23471
29609
15279
28399
16811
6317
10224
30590
8773
24914
755
27366
20730
30630
8406
5595
19587
28950
19625
13627
17426
20121
6098
6119
472
19755
14512
4818
24266
6781
15487
31575
9125
16875
4220
7120
31535
26030
9801
22116
22976
6227
14226
27168
32258
27243
27889
3657
28405
133
27663
22513
6966
17753
4365
7625
32128
3142
22306
20022
27251
14335
13445
27559
27540
14721
28045
8997
19350
31560
8982
12588
14296
3266
8232
2233
6958
8708
10963
28836
5604
15292
23645
2864
14080
2918
17568
31713
23240
26563
23725
8077
21124
25991
3253
2742
14725
26706
18730
16919
7014
16354
2849
24957
20370
9607
10235
9432
11782
11735
19524
1938
345
674
7643
28191
23033
31017
18771
3542
9911
22666
32410
1791
13958
25727
8408
25901
1919
72
11674
31182
1833
32230
7984
17664
10232
28042
20051
24742
28691
333
5900
8635
25946
22817
17617
25575
31400
19208
2544
13136
25173
31620
1585
18611
27136
23118
8374
2995
17291
22346
14631
3953
24422
25531
29708
15708
15377
5044
9850
8779
20188
29647
9458
4553
27122
26400
31110
5039
17301
8556
17725
20473
683
4503
20665
27858
29818
20572
4119
4849
20400
26433
7703
3112
10406
969
29309
12346
31461
27371
22455
5102
27626
16579
25535
11873
11046
30856
30787
26784
4937
190
3588
19318
28864
32684
20348
16259
4476
13329
18115
5006
502
19987
8883
15645
7024
21624
22347
1858
18301
27160
7505
9143
7363
1938
5435
21037
14592
32063
4432
4578
31819
20836
19211
4466
2461
20140
1984
20719
12431
22229
28801
10803
9317
19881
8515
13173
9292
12336
13117
12315
30944
11300
18065
975
27377
19365
20270
23509
6023
2350
10485
668
17699
24520
14107
4499
7752
11133
4814
30013
30010
28176
3355
30600
29958
19435
2063
17499
25538
21849
27420
7278
23062
28661
14015
10846
5116
29795
31584
11777
16067
21565
14202
29175
26714
23632
24827
16257
29643
26377
7662
17558
14086
4906
28759
8244
9696
21185
22878
2293
11867
26203
14256
16866
10792
6261
25891
20875
2410
19763
22425
12120
6845
14933
18726
23322
5239
23398
11125
4837
17198
30262
27239
6946
378
17291
16894
19680
23803
4116
11130
24171
3230
27038
9665
6688
7197
11402
23812
30591
28869
1407
30112
19074
2940
15196
32322
32045
11266
21873
19791
1895
14711
29166
19843
6408
5150
24731
32216
10803
13408
21962
10409
26086
15124
18827
5655
8911
22269
22302
15788
24162
9108
12462
15166
28200
25864
31548
2838
23386
17796
9945
20818
7342
30640
5912
12424
8817
25210
12227
29612
26838
14870
6605
3892
1166
10819
21640
15737
23960
30161
26392
14945
3163
12128
17960
25147
3314
28522
16859
14314
15559
11140
4101
5702
22115
4832
18076
4287
24452
5143
23145
18244
15728
28709
30211
12643
25482
32437
15614
9393
20515
1952
20320
6764
19346
21936
8532
30815
7559
26281
31523
24838
11420
23690
13663
20211
15405
5136
1378
32624
15466
1148
28151
28774
24746
19606
10326
30077
28675
4338
6486
10373
1047
3954
9950
14613
10800
3084
412
24433
6800
31437
14074
30385
31234
2846
8014
544
22965
30791
31825
8675
26954
17201
23507
15067
3884
14704
4781
21964
23328
28032
25590
31166
1821
1103
10362
1443
31325
31740
2663
19771
692
20447
10570
32053
14369
7625
14906
2711
16035
12429
30803
12639
23117
5055
31079
18026
2461
5307
15087
24726
6666
21737
31560
7460
27356
20800
13084
864
21056
777
17182
19331
22684
32230
10746
3288
15904
12050
22155
5918
32414
8682
27215
31534
18331
28077
25
1757
5286
12416
19206
14372
26088
15285
8626
27518
17661
21836
18860
18834
3074
12986
5927
14354
8943
4330
13554
20963
10023
3458
10410
10878
12622
9575
26414
24726
11611
31875
3411
17403
30958
21190
4313
4798
15331
19050
32158
4502
12071
25468
4882
898
17866
20632
21995
17584
27734
2292
27162
3230
21088
15263
18685
7039
29276
2059
10198
22240
19382
8138
8828
6539
798
13717
32336
15019
23843
23954
6515
4146
18179
17111
23094
28792
25025
22058
13010
30500
17273
23050
3418
4432
25329
28660
13293
5352
24944
2783
2352
26451
9939
27401
9467
30550
989
1781
10579
3637
20175
1460
25497
15387
11832
11877
3584
25531
1551
28920
17733
10552
15103
27703
1690
18498
16386
5382
18915
5507
8753
25321
3108
12089
1755
9672
24122
8484
20436
26863
19402
32674
23055
1881
11896
15897
2671
21806
16729
17557
7387
650
2218
2226
27025
7040
25026
11709
5308
18783
20293
28694
23624
14643
21915
24536
30709
19343
31648
11964
16298
29066
17309
5435
3085
23304
12408
4851
1360
23099
11047
3660
21581
8297
23658
5979
27094
14319
20154
20999
20550
24454
27772
19306
15196
10949
11899
15994
19018
3047
3733
3048
12296
10959
4789
26952
13806
11593
1025
2931
19586
21651
9812
20521
7823
5148
1006
11003
23159
1419
8554
22888
9673
24067
11761
8775
28438
18597
942
9317
4609
19031
3201
30830
406
4804
24312
10769
27869
24228
10107
19551
4526
20286
12742
11636
12742
23339
9885
27994
24091
15452
20922
31786
3181
32607
1035
17268
11038
6109
26138
32481
10051
7784
20173
2071
6395
7027
29263
6621
2560
930
32078
20096
2683
18757
28775
23925
2077
10015
20446
23615
7019
2155
31635
1684
16217
12833
17201
20923
10011
4469
2729
20280
9784
21408
4831
8875
24288
10980
15010
3830
10879
25802
19426
24222
28818
13743
10525
11124
24506
23934
28443
18804
15630
2495
24283
22765
15798
6353
9165
17378
7862
8819
19010
10928
28423
27018
31264
1010
16364
6942
18906
29602
12163
32421
15775
7553
410
31620
18130
30392
15045
6099
22459
23231
29101
21600
24444
26494
19115
2551
16966
25778
20886
11233
8652
14995
9689
5035
2552
15284
11464
14889
21981
17962
15924
441
24814
32752
32572
30156
22637
12938
24423
9123
16678
2537
27632
28759
1372
14991
28001
4124
7940
21235
867
710
12849
15399
13013
14733
11216
11704
6683
18957
14485
6358
16313
21137
10293
20148
12064
29584
4310
26162
22471
632
18115
9402
25214
22955
31845
28263
28928
27079
7791
365
31687
28715
16472
181
16932
30391
11534
4551
142
210
28649
4589
24891
2482
27101
9877
23277
14296
18165
11512
29199
27097
26620
19705
4096
100
5245
13136
25775
2433
2287
14055
1640
12567
13609
28036
17389
6833
16156
29609
23753
2177
7616
27577
5089
29606
24655
30811
20556
31146
30130
13859
16484
17231
2104
30832
13085
18571
16782
19856
7062
5585
2796
3627
29422
30354
7564
31710
27737
10500
30560
13094
12147
32546
2052
29824
3284
4340
10738
2254
24804
25616
15349
17661
6384
11361
28384
28901
3710
2599
7039
5488
11486
26943
13518
30207
5378
26021
10857
14601
13200
22839
20292
1029
32052
30395
6300
3723
17723
5668
18733
28854
25182
5649
23718
12492
5595
30359
18266
21537
26827
4416
24120
30520
29615
4691
31485
12588
17484
5974
12456
17998
21945
5842
9262
28176
20150
30038
23920
12322
31295
27582
9322
7386
11873
8885
16045
25817
5453
10105
8463
5100
3243
7647
27041
29488
3888
21398
13793
22138
23667
6319
10545
22773
21244
349
14216
19725
12446
29946
2152
25484
11528
11851
1552
19971
8854
4357
27890
24684
14701
30864
28519
30221
18630
25610
16802
7584
25226
9103
8674
20656
15648
27320
12524
14918
28546
27745
11961
20677
13207
25520
28524
18195
8893
11859
7303
6393
8356
23560
5725
14029
26723
22371
2507
5198
28613
3020
3619
7887
5348
11463
24425
24216
18938
632
2242
18313
13171
24422
4905
32000
27719
9087
3172
3325
25734
28764
31286
26244
3637
29383
3543
3907
19544
25978
11169
23669
22608
12586
6924
13062
4455
19908
29404
4856
27306
18679
5529
29189
27383
5618
21056
10630
29526
2671
32056
31635
16268
11504
5511
29548
21742
14408
19014
9495
21364
30814
29778
4171
23822
25646
22597
10893
1851
6416
17573
21657
2775
6973
24667
16131
9780
32655
15718
542
25965
25224
976
27933
17655
20630
18657
20600
25209
917
26260
18322
12254
6550
26439
17816
23720
10463
22966
27052
27015
21811
8490
24131
6698
19027
5614
18379
14677
16324
2563
1682
25396
27091
1556
20451
18927
31703
21164
25202
10366
8118
8615
23033
22463
1706
27623
26148
14789
30533
22344
26795
28531
31923
14549
16061
3146
6976
1852
14757
15488
11801
20863
2728
4434
21079
3565
9772
26523
825
21841
25120
7332
19377
24169
21399
1342
12579
19865
12214
23310
15209
11489
13265
5161
15898
8205
22737
22753
18188
10539
21977
3038
22039
4418
13865
6256
16924
18753
1602
31523
28486
22326
23626
14484
14992
9152
16307
13956
16008
15303
13336
11051
21842
23146
27495
5838
31727
20281
25413
31636
31424
5285
29102
18326
30533
10932
1244
9525
21291
2554
6763
9648
31878
17092
12730
31222
4955
7318
15764
11704
2145
18904
22800
6339
6408
972
17333
31373
19643
8899
26850
29709
22370
1681
30317
21456
1324
25406
18059
26698
5003
17918
8432
19562
7040
26211
5943
25201
28952
6098
131
28931
7223
28468
22631
5758
20116
28909
1283
1676
31493
23314
18544
17908
29181
24534
24927
22710
10066
25670
7932
5718
1348
5943
27673
6264
28860
29820
5512
30637
25297
2140
20424
19085
15248
1859
16357
6918
12797
3511
2969
17907
1365
7310
13495
30960
21398
9566
17353
17005
14657
15158
1528
26626
7775
15243
25133
30466
21698
885
2422
17235
27533
1308
1707
18557
23543
20844
29009
8448
29515
27153
18366
2027
7731
28575
13438
6314
31031
16
17142
16672
19073
22900
18247
6646
18659
5348
32118
6450
21531
3512
9161
21259
597
18682
5236
15611
9969
28954
8820
10007
13959
14818
15804
24476
11304
16557
8847
13514
21479
15572
6189
18677
7832
5226
689
27865
25304
10537
19514
29742
12110
29099
26953
14460
4656
13022
31850
15921
31240
28082
23831
12273
5048
21780
1497
9261
18875
24608
11696
24823
18607
19602
4277
4628
11536
9598
11262
9555
15943
8770
28866
16670
23267
29112
12989
2383
31270
17840
21974
9797
26307
12957
32512
16950
5862
14222
19550
28870
17781
608
22698
13529
12437
17458
3543
6310
8561
10778
2805
3086
8503
19990
8534
32043
32610
13382
11503
24363
3391
10328
19456
4959
12970
3907
14840
26767
16409
312
20883
9361
8669
16341
31301
19481
22692
23709
1243
7379
23361
9125
15200
28079
17840
7823
10301
27005
31060
17340
22693
22457
4740
9662
7728
26536
22342
14092
5062
12708
858
30202
27071
25267
5499
5352
15688
18015
481
29369
32521
8898
28170
30599
11525
6881
22970
10644
25537
2875
22849
3716
2728
5281
17660
11466
8110
18759
542
16737
26164
12316
18608
32188
32043
4695
2775
25087
8317
18258
24918
1903
6568
29340
8531
28455
9132
26698
32606
10510
17960
11149
25519
26373
27584
15242
21423
20581
14273
8805
5307
10664
24328
31391
27684
9318
2080
24227
8314
27524
30378
30363
8202
16296
1538
6280
28837
14319
14111
11922
19619
31459
21947
22428
4392
935
30900
30236
24998
18293
25011
8490
9379
20299
11
11223
15805
6624
6884
14015
10475
23005
26264
32738
23301
25674
2397
25775
2951
25414
21285
19042
19346
8444
11458
24720
3635
32466
590
29184
1512
27875
11466
14269
31584
30128
7941
25193
387
12818
22975
19924
10930
14708
27407
4814
9040
25150
32002
27449
21889
26260
14213
7266
31281
16705
31109
23441
15193
22254
11604
24798
19325
16280
15439
7239
5754
17473
26046
16640
28542
25829
31995
6922
24664
31407
21207
25351
32242
19053
20025
1101
26139
6978
30728
2361
19082
9626
32331
8645
11552
28259
29327
30813
12654
25211
18313
18671
10103
18020
20989
28226
13239
20031
20703
22920
14436
29176
16567
10294
25587
20926
32330
19475
2270
16054
31862
31119
8869
15344
4446
20567
11283
2970
7879
29222
10946
7283
6594
31710
5089
27523
13708
5335
28213
11786
13746
2167
21854
22454
11128
7683
16988
20760
8828
8884
15697
29273
151
23054
23688
5673
7428
18541
13495
22777
21188
3041
7809
22634
4672
14139
30015
1797
13873
25448
13056
26668
8125
27390
3534
18512
24034
1045
31284
17765
25624
11352
14077
15251
5170
7004
17981
27183
8070
12080
30614
25833
845
1845
26548
9543
9293
16687
6426
20562
19893
3229
2593
1167
5960
2118
27709
17456
30397
7701
24707
20364
102
20774
23912
973
6929
12833
8652
4584
11052
28103
22839
8659
31020
10698
21858
13810
22319
9186
249
25298
18911
18205
28575
12057
14490
11127
12083
12221
26833
13226
15953
13429
18606
15687
19484
6253
19706
5894
9531
2878
26173
12634
29218
26141
20775
15689
10899
24914
17966
11643
25188
15853
19577
19857
21378
14260
13309
25528
18742
21343
31462
4221
20647
23816
8760
24803
21153
10973
13750
18098
31380
30744
2819
27411
3808
27697
31751
3930
7759
8785
8340
28707
9955
17675
19273
24224
6611
4679
19895
1073
24784
23422
18371
1077
18572
22061
1611
28705
29821
20611
13581
16847
16351
7773
26564
20504
12280
21109
16019
29092
23455
6102
10663
16897
27647
16276
4121
15603
6809
22201
24081
9227
20616
22658
15921
25211
19209
20684
561
25385
26938
713
32454
3330
1826
26615
24265
22929
2546
6995
12693
14800
394
1226
14513
15678
831
22768
14511
12081
8668
16628
20819
7790
9958
16084
8440
759
28965
8653
14128
30244
7263
7958
6827
12533
22119
25293
26202
17575
1367
11570
16851
16773
8985
20499
14584
16385
29228
8327
14035
3
28580
12511
10181
4737
9843
26330
1760
16720
18408
16920
23185
10554
11637
26321
25730
14928
10165
16583
2238
4737
16045
21113
12311
26220
18259
1178
10693
27763
29260
2497
20559
32273
14330
10850
30127
25453
17846
3325
23217
32047
20570
20117
13724
16530
28675
32612
3092
14778
26901
22477
25663
2121
1663
14738
4391
2605
26944
20807
7775
10427
28970
27655
7914
31746
8933
21861
25432
14425
12088
20901
23346
6715
32644
2093
9624
17493
27537
29238
5417
17372
31885
8647
11043
12068
24914
29924
19915
4719
30696
2307
15888
7939
4171
703
4203
20607
19566
32208
11529
31854
16767
14651
6956
29
15981
21446
7119
170
23464
11439
22409
29022
14376
15517
9139
21564
1968
31447
8909
26842
22100
8884
17438
15728
9529
27987
26267
22063
17564
5003
8970
24276
3861
11301
359
6780
27165
14921
7559
1466
12239
55
32507
24295
26091
27192
10295
2233
26144
9683
8436
31511
23435
14659
32722
13868
14715
12073
14146
27579
3959
10879
10659
21170
24194
30413
18603
22785
21405
26783
17417
10156
2958
8758
2888
11551
17376
4222
9975
8643
7467
13376
11527
15054
21141
2969
21620
32607
2713
12203
27688
29642
9479
31378
14620
3888
10828
18841
32704
12116
16372
12206
15517
32425
18029
11284
20536
176
1038
14680
8762
14464
343
18566
32719
7590
31355
31900
14668
21296
2587
14911
17172
21765
29013
24493
23996
3960
8445
14579
2413
5404
26666
1120
18570
26329
27637
6969
30099
575
19581
4782
12362
10779
6959
26893
9748
7496
1604
4918
14753
12232
23946
32335
19919
31251
21608
22969
14284
4783
9500
15682
7291
1537
31048
32668
15642
99
15277
20750
30497
24183
14134
28265
31597
6074
10040
62
157
14172
7416
31310
29885
22351
24174
3906
29218
20894
8776
3228
31636
7168
19762
13038
17331
429
5205
24137
915
12144
10525
4857
9386
17917
21056
17007
16876
26246
5628
23679
17460
28041
22944
204
7654
20460
6733
25728
27090
20043
8958
16448
29020
29329
25542
23135
24026
3013
20057
337
6462
7207
23502
2659
8693
28028
8099
10410
22031
16294
3074
12345
31135
17783
19266
6551
31845
25543
21169
22897
17066
26308
4753
24715
30060
8586
26464
22524
7611
11252
12381
28059
3939
12977
12103
17589
26315
3482
5480
24321
7709
4162
25042
4565
32167
18639
29929
23449
27522
8457
32033
11645
24177
5553
8457
32103
30731
30740
2697
13359
2589
28128
14183
19471
2890
9013
13072
13141
16116
25343
7574
18267
5216
2436
9205
31673
276
1337
19866
441
23172
23002
17190
1036
29422
22969
29295
19131
32131
2391
13255
23392
32199
24881
21634
27029
17978
25052
10930
11181
19000
11860
5685
26530
18206
8338
4850
19535
2222
3164
16479
27359
19637
9313
583
25734
2538
13701
7882
8303
7706
11386
32165
7669
10114
6544
27827
14101
3453
9934
3508
26403
31839
13377
20814
27069
22688
3732
9041
17918
27965
29665
11327
6643
22875
23239
19468
14931
301
12221
12834
31338
1561
31909
13992
12375
2582
11941
22788
18807
16985
28210
1950
801
7472
15725
5351
7060
32558
20659
32155
3885
23432
21871
25667
13790
11199
6963
26109
21723
2687
21256
11391
30870
30152
22786
24922
10990
31819
15383
26236
22947
23063
30768
30713
270
18548
5761
6923
28431
1295
10262
32343
12870
21592
20143
12145
2438
809
18382
18851
26502
11176
11790
490
24282
16750
25782
13378
2594
10473
24974
22051
17538
24062
18674
29260
18002
28147
4132
4543
31254
18573
6631
13837
7600
11381
329
18643
980
13024
1728
9349
2493
15983
21368
6762
5406
20820
1772
6632
11868
3767
17076
23810
2810
27480
10397
15903
7253
20853
32511
6925
30353
15342
28491
26949
9171
3239
4836
24433
14256
8750
16944
22571
14054
28830
23022
21000
10058
8643
27338
12501
23554
126
1838
9248
20980
13163
9052
22267
12414
2754
15290
19708
17000
25979
13676
4232
31511
29110
11560
5713
23555
19545
10310
31262
20075
17403
23575
30923
17735
17153
32632
19344
15230
9478
23207
18566
25177
31617
2389
27750
5175
1441
8956
12692
24451
24444
15730
22621
15844
11369
32191
1149
19379
16554
11052
21477
5042
3663
30876
21179
17147
22870
30751
28833
22838
30487
27845
23354
10511
7392
28336
25066
15592
476
5485
18142
29642
22585
7301
8525
27298
24969
13902
13565
1450
8809
263
25352
11813
31073
21028
6112
6223
7436
19431
23185
9620
17785
28976
24902
14080
1232
11158
20239
1015
4921
30646
32481
18726
4601
11211
32735
25529
2526
3200
9943
11470
10462
9218
22800
10538
763
3928
29763
24875
23146
13815
30695
29950
13043
8081
21425
16658
13467
23599
32604
9933
8577
12927
16294
19837
25350
2159
15515
28561
29232
14842
19733
2057
8017
21058
7044
29739
31971
23264
2027
23928
29111
13688
27435
32734
13903
13200
8068
8239
16776
24738
29273
18130
26747
12911
25395
4793
13734
5015
21513
14482
15175
31847
3775
578
25865
3570
17388
25231
3298
25443
26336
28956
22332
3473
2790
25243
6739
27860
9670
20798
21726
23832
23438
26990
30705
26671
14226
20160
2082
29292
30386
19749
23019
5485
18139
10849
27983
7480
8145
11198
11456
23434
6443
9217
4929
17771
24991
7581
32200
3846
15231
29991
11238
14776
8836
30730
13225
18535
32459
23420
27842
3605
2333
8112
5859
19124
17523
13133
16235
2620
12473
27424
10821
31228
6867
8717
16909
10285
11742
5452
21365
25037
10680
20690
6120
8875
25282
16396
21357
19390
28388
14035
2509
5050
9170
1693
3832
26085
19086
29680
30373
8999
11311
8221
10041
31073
23520
15146
5098
17664
25131
4624
25124
12498
11640
19751
32299
2072
27600
29406
25347
28380
12775
687
6541
29829
4954
15442
13042
13480
4149
26417
16964
31265
31672
11805
6499
6243
16475
25407
19742
28428
9487
16465
17563
19389
30663
30478
22521
7720
16695
9702
16947
12906
26075
1271
27208
26012
22588
24377
18329
2212
16495
11256
26002
25937
15582
23688
19084
6568
8267
12852
17906
15736
20753
12407
27043
1589
11693
32623
12952
23810
6782
21134
9415
6928
7369
10131
24135
24615
9984
29112
26036
14210
31300
1325
14293
32480
16680
22214
22652
17368
18360
25585
27310
2925
29882
22250
5124
14306
26675
15154
12113
208
25389
22077
4741
12661
23736
30826
27602
8527
26671
23097
31245
6889
20668
22969
9302
9462
3614
11327
13563
24988
30378
22621
15258
30738
21136
3090
23174
15469
13408
9023
876
2487
15053
29274
26423
578
8112
10598
7472
10811
14416
25379
17770
4226
19168
13442
10845
31161
23881
20571
9681
16796
24874
4962
19710
26256
24861
3160
10225
29566
4925
21630
30769
15329
29925
19535
21155
7710
21434
4206
4267
16405
26603
15070
23700
31221
25527
17521
23858
25428
7216
6787
17605
13951
12095
15591
18209
32270
19177
30754
15116
16572
31184
4055
27368
8054
6397
28035
22674
6578
23260
10091
30857
27650
31624
29650
10323
15593
2633
23662
25628
3053
27740
17949
32673
5869
31986
8405
26188
10677
28282
21465
9888
3024
20771
14899
19672
157
25245
17246
20683
3494
2848
3139
6931
31532
11184
1127
25966
17159
8607
29538
31332
25005
9043
29331
6187
15760
23114
12050
31431
6317
24154
2022
20853
16481
30270
23672
9034
28543
16718
8008
26392
5793
11918
223
21137
32443
25834
18181
9391
31222
192
9267
28499
5819
19103
9035
9260
2317
19279
31623
26842
15901
24849
24751
30291
19992
14887
9104
1926
16452
22679
13993
6975
21835
813
27431
3403
19415
18367
31252
19164
21342
29364
11723
9775
8512
8135
16303
3435
23567
18441
15900
10445
20781
28965
3742
9218
10397
25064
24673
9940
2835
1
8937
16649
28237
15109
21763
19848
31654
10422
16380
4286
17641
13956
29456
5696
15203
5204
4901
4530
7484
15489
21178
18151
19719
15648
9754
15689
18327
9865
2005
17020
11284
17171
24944
62
2639
31774
27740
10642
27475
4183
7973
797
18493
32567
31468
19152
25421
19917
19735
17095
14140
2238
14663
25457
28880
10122
8074
30962
9903
13584
13011
12229
17265
24917
21415
21670
22008
24705
792
19375
15364
15146
503
705
23298
29653
28742
25381
23333
9658
236
1651
6328
200
5548
12979
16307
18153
22360
25027
17804
11911
7746
22521
13647
20047
16116
3592
497
30261
3873
29224
21218
6584
14043
17521
32481
12135
8709
4744
10516
10660
9740
5758
13400
27816
12242
31989
214
26055
3563
22149
10199
10229
11020
14430
10713
12682
19648
20526
17121
16194
10845
28485
22804
20616
28727
20727
14721
16628
787
8257
5954
6930
6111
176
195
2149
29600
7807
16225
683
26539
2559
21815
10851
24088
25148
3380
26253
2676
4830
20849
12721
4790
10573
15298
14370
17524
1305
5260
11140
10839
26520
13270
28556
5581
9937
30882
1031
28925
1944
19069
20510
27904
763
22869
13016
24654
31453
3979
31968
26998
8673
27209
14217
10771
6794
11286
23823
11771
4512
7591
26144
21177
22485
20728
20634
17214
16040
6812
919
23507
15498
13650
13479
2642
7231
17368
12892
32406
15240
9476
14348
16176
7423
19984
11986
30299
20802
7990
32726
2867
31571
26236
23502
23329
29759
1234
7109
10138
20990
26970
7963
3081
21915
22279
19150
4105
1173
10345
3575
10712
29060
1479
3992
17672
30719
16751
27028
8568
28606
20042
5375
7811
6908
1203
27544
18039
21535
10633
25236
11849
16027
27523
25246
32135
32532
19140
24859
12941
16067
7856
7858
30460
32282
11773
12044
6248
31403
3341
11736
31057
11334
13947
17683
3669
7521
4596
26758
15267
8893
23880
27280
9907
13895
11200
20005
20533
31037
28595
31255
2631
8593
16980
12692
7914
22162
24014
30193
15031
16585
32147
13733
28622
20769
6384
27801
25872
844
11238
6559
1422
8033
565
11583
17472
16074
14521
21946
18427
6237
26873
19529
5021
22473
13054
1958
32395
1076
6497
30669
4445
14882
25512
12036
6871
15513
31443
7193
4379
8579
29745
14827
4894
7507
15992
22571
7769
12779
9493
24932
19649
17597
7617
16953
12024
24625
5205
21999
5829
9287
10463
31787
26050
10878
5109
15356
13396
24820
9545
6171
25824
8398
4222
30834
30524
986
31802
19676
12388
15731
1917
19756
27247
31398
14641
31344
8385
3475
3586
17783
3201
26645
6255
32400
25934
10661
26401
29333
6701
17531
9596
22824
5830
32247
10869
30781
26833
20032
27043
8409
22987
25387
31384
26904
20717
19038
10865
18293
4446
1717
19372
29510
10408
5348
14394
11910
8553
9054
14805
23767
20043
374
19604
3015
16693
2500
28605
20563
17091
3019
30938
7594
24052
30936
7439
31027
21539
22573
9386
12240
3385
18015
31996
28773
22560
1021
7272
28564
3963
22386
27833
30923
30356
17965
12216
4225
25237
26879
4607
3004
1020
24516
24584
16599
25673
10309
4489
13698
27641
23645
7940
28170
1208
7003
21913
16859
11219
8872
7456
22851
2284
22954
25716
14456
23793
21735
10257
31709
23887
5230
18146
10625
20322
371
6484
15336
30768
28473
32431
18959
13400
9013
21670
28842
19525
10352
3373
24752
22695
29229
22154
14105
19236
4556
2479
487
28490
1006
21191
5731
30665
22746
18447
7337
27615
15391
25319
29798
2323
8059
3881
22241
27942
3324
17593
23096
7239
25701
24413
14828
14214
2003
10447
2208
30603
15264
18705
12062
16264
15752
4353
23707
23660
22282
21293
19516
17498
28433
16104
985
27225
24276
29086
28672
31309
3579
12900
317
4390
6659
3027
11928
17751
3299
14359
352
5001
26352
4931
3623
913
32766
2023
32526
6560
968
10725
4931
26554
3474
29568
14279
21354
9996
22710
7541
25523
11898
9424
28736
11081
26642
22071
5052
8962
16037
27785
2272
2183
30594
23788
24842
5455
23960
8355
25155
8654
10202
4575
16580
2281
7912
2775
4538
24494
17899
31514
23367
21826
2752
26404
26057
20250
16730
1584
12894
5486
28257
29262
15016
9195
9503
7861
24013
29353
31901
2138
7874
19292
24585
21698
6090
32462
15963
21268
18233
3725
23865
4978
6526
7904
21271
2185
21600
17664
27810
26471
18312
1413
351
14733
26176
5919
31631
21830
11898
15750
5975
12343
276
20660
7453
16438
20314
17489
6965
24160
16845
17263
25277
24677
15395
13431
19397
23591
25230
14691
1204
18820
1089
46
28902
30319
3889
30601
23194
326
28952
15312
31756
19807
2496
20540
9182
9701
4734
30810
30908
738
7932
17852
8256
9372
6972
11758
19731
31013
27354
15531
30806
46
3474
13905
19008
8476
27905
16019
30216
10078
14256
22382
3333
22781
27982
19550
3348
23412
61
24017
11834
23235
12369
16604
13194
9919
724
18221
17225
15020
31693
17217
2641
25357
31873
31959
11955
30139
27451
18852
21920
20533
2121
7752
16522
4151
5191
11137
17798
14990
11168
23454
9973
17450
31569
17463
3683
12661
13040
24604
11951
16355
22509
9611
20844
19914
24089
19622
21384
29813
10596
23075
21803
2164
23787
16966
8418
29749
6962
14348
3581
8409
7085
31914
25142
24896
14726
17205
30355
4966
24474
31907
9101
27635
30149
8178
14449
8205
13151
17063
519
24945
31494
5498
9330
24770
9118
6480
19543
18976
21143
8297
31553
28669
19310
28635
29508
6188
22647
5439
1505
7995
12505
17578
18986
26115
32730
21215
32294
15741
29021
8130
6007
17624
26536
1296
18234
28104
15979
7502
29999
6944
16126
30463
30234
3491
10731
2074
361
4887
31148
30139
10774
11164
17078
1049
24271
6460
21686
17080
13653
3523
282
18656
1314
27345
10963
5709
5454
18477
857
27688
25011
13404
6384
12854
15184
25459
6699
15440
18411
16425
29358
1043
9466
4912
9527
10968
12740
13510
1760
22502
17604
31879
16286
18151
20558
25477
13326
6809
14965
3226
15473
18374
27691
9981
19700
11382
23466
24340
29494
10083
5651
20873
19716
17325
3157
13472
23655
19663
10065
11208
23776
24274
26428
31088
32242
18113
4676
795
9953
18268
13942
23479
10170
5648
735
18474
31635
9255
15345
29231
20
2109
20265
15712
17974
7155
18927
29331
24651
8679
14270
13674
20799
2019
11140
30758
285
6484
30796
25020
23252
13822
23834
23083
30524
24815
10262
12556
31060
15281
5357
4715
32718
16836
27253
15829
20429
22603
7056
13234
7405
1542
28498
19670
4740
26496
29798
28754
551
13194
17325
23440
23408
25575
22057
12447
20735
22089
29210
16075
20159
31101
29542
14705
9578
23266
29502
20753
3920
10271
4863
25253
29268
30997
28246
12593
823
30227
30888
23964
11801
11849
18865
4286
26684
12928
7531
3002
20236
18440
2865
4750
14428
18417
14372
25832
6131
32382
2254
14652
24135
7894
5637
28179
13448
7933
26898
26022
14816
4099
17171
16299
9722
18043
29598
25967
29889
26415
679
7205
32618
11282
12708
4477
9908
30070
6126
5753
29294
31615
24171
31869
19002
13272
24170
18597
11154
16292
10190
12634
264
30136
12911
6696
32466
23815
16061
458
10373
11101
10663
5767
25633
7249
14267
25794
15950
13429
7054
21452
17381
17615
15198
25852
5298
17037
31222
26882
4985
18164
1746
8056
22326
19354
31108
29882
16809
30421
15446
20984
24338
3187
2609
13193
29498
22187
957
31106
22450
6996
8138
9864
3935
29013
31471
226
13111
2653
19056
18898
7237
17620
30309
32550
28403
6673
7961
23306
27528
15565
4529
1568
10224
31703
28686
12243
5820
15626
4084
232
32617
9341
21867
7253
19429
15353
3173
8791
20303
11952
1442
27071
27134
27947
31441
25484
11974
19845
32248
23743
28022
31703
30741
4715
18085
20211
31494
19468
11439
21845
27302
28697
30202
11862
16697
18141
25726
931
29450
24450
18052
14062
13650
19311
5293
6115
11356
9172
12599
13918
17639
3458
11388
9435
15564
12033
12987
16174
7904
19676
1819
18804
13852
64
12269
31561
15355
15301
14386
19259
17956
4748
10845
3711
14153
30090
10330
16611
14159
23331
17614
2308
30383
1275
417
19649
16668
22537
6074
27119
